35,  2.354, 2.208, 1.673, 1.572, 1.726, 1.746, 2.045, 2.076, 2.117, 1.675, 2.244, 2.034
40,  2.368, 2.223, 1.684, 1.576, 1.731, 1.742, 2.055, 2.090, 2.131, 1.692, 2.257, 2.046
45,  2.375, 2.231, 1.692, 1.579, 1.734, 1.738, 2.060, 2.098, 2.137, 1.702, 2.263, 2.054
50,  2.388, 2.245, 1.702, 1.586, 1.742, 1.742, 2.071, 2.110, 2.148, 1.715, 2.276, 2.068
55,  2.400, 2.257, 1.714, 1.595, 1.750, 1.747, 2.081, 2.122, 2.158, 1.728, 2.287, 2.082
60,  2.417, 2.274, 1.728, 1.606, 1.761, 1.756, 2.095, 2.137, 2.172, 1.741, 2.302, 2.095
65,  2.427, 2.283, 1.738, 1.615, 1.767, 1.760, 2.102, 2.147, 2.180, 1.751, 2.311, 2.105
70,  2.444, 2.300, 1.754, 1.630, 1.780, 1.769, 2.117, 2.164, 2.195, 1.765, 2.328, 2.121
75,  2.462, 2.317, 1.769, 1.642, 1.792, 1.777, 2.133, 2.180, 2.210, 1.779, 2.345, 2.136
80,  2.477, 2.333, 1.783, 1.654, 1.803, 1.783, 2.147, 2.195, 2.224, 1.798, 2.359, 2.150
85,  2.492, 2.348, 1.800, 1.667, 1.814, 1.787, 2.159, 2.210, 2.239, 1.809, 2.374, 2.164
90,  2.508, 2.365, 1.817, 1.679, 1.826, 1.790, 2.172, 2.224, 2.254, 1.822, 2.388, 2.179
95,  2.523, 2.379, 1.837, 1.691, 1.837, 1.791, 2.184, 2.239, 2.269, 1.836, 2.403, 2.193
100, 2.541, 2.397, 1.847, 1.706, 1.850, 1.794, 2.198, 2.257, 2.286, 1.853, 2.421, 2.210
105, 2.558, 2.413, 1.867, 1.719, 1.863, 1.794, 2.212, 2.277, 2.301, 1.920, 2.437, 2.226
110, 2.576, 2.430, 1.886, 1.735, 1.876, 1.796, 2.226, 2.292, 2.317, 1.906, 2.455, 2.243
115, 2.593, 2.446, 1.903, 1.751, 1.890, 1.798, 2.239, 2.307, 2.334, 1.906, 2.473, 2.258
120, 2.610, 2.463, 1.918, 1.766, 1.902, 1.800, 2.252, 2.323, 2.349, 1.915, 2.491, 2.272
125, 2.627, 2.480, 1.934, 1.782, 1.915, 1.801, 2.265, 2.339, 2.364, 1.929, 2.508, 2.285
130, 2.642, 2.495, 1.948, 1.797, 1.926, 1.803, 2.280, 2.361, 2.378, 1.943, 2.523, 2.297
135, 2.658, 2.511, 1.962, 1.812, 1.939, 1.803, 2.290, 2.371, 2.392, 1.958, 2.539, 2.308
140, 2.676, 2.528, 1.975, 1.831, 1.953, 1.804, 2.300, 2.384, 2.409, 1.973, 2.558, 2.321
145, 2.695, 2.543, 1.987, 1.847, 1.965, 1.804, 2.312, 2.399, 2.424, 1.987, 2.574, 2.331
150, 2.715, 2.559, 1.999, 1.862, 1.978, 1.803, 2.322, 2.413, 2.440, 2.003, 2.592, 2.345
155, 2.733, 2.574, 2.010, 1.878, 1.990, 1.803, 2.333, 2.425, 2.472, 2.016, 2.608, 2.353
160, 2.752, 2.588, 2.021, 1.893, 2.003, 1.803, 2.341, 2.436, 2.485, 2.045, 2.625, 2.361
165, 2.766, 2.600, 2.038, 1.905, 2.012, 1.799, 2.342, 2.447, 2.492, 2.053, 2.636, 2.367
170, 2.786, 2.615, 2.037, 1.919, 2.025, 1.794, 2.341, 2.458, 2.504, 2.064, 2.650, 2.376
175, 2.804, 2.629, 2.043, 1.934, 2.036, 1.788, 2.337, 2.466, 2.516, 2.072, 2.662, 2.379
180, 2.823, 2.640, 2.045, 1.949, 2.045, 1.787, 2.328, 2.469, 2.528, 2.079, 2.672, 2.377