Canola Oil,      6563.548500464801, -42.77290483530693, 0.13306620612062095, -0.0001600501861677549, 6.26936437885385e-08, 100, -25991.07764471329
Hydrogen,        3.33727920E+00, -4.94024731E-05, 4.99456778E-07, -1.79566394E-10, 2.00255376E-14, -9.50158922E+02, -3.20502331E+00
Oxygen,          3.28253784E+00, 1.48308754E-03, -7.57966669E-07, 2.09470555E-10, -2.16717794E-14, -1.08845772E+03, 5.45323129E+00
Water,           3.03399249E+00, 2.17691804E-03, -1.64072518E-07, -9.70419870E-11, 1.68200992E-14, -3.00042971E+04, 4.96677010E+00
Carbon,          2.49266888E+00, 4.79889284E-05, -7.24335020E-08, 3.74291029E-11, -4.87277893E-15, 8.54512953E+04, 4.80150373E+00
CO,              2.71518561E+00, 2.06252743E-03, -9.98825771E-07, 2.30053008E-10, -2.03647716E-14, -1.41518724E+04, 7.81868772E+00
CO2,             3.85746029E+00, 4.41437026E-03, -2.21481404E-06, 5.23490188E-10, -4.72084164E-14, -4.87591660E+04, 2.27163806E+00
CH4,             7.48514950E-02, 1.33909467E-02, -5.73285809E-06, 1.22292535E-09, -1.01815230E-13, -9.46834459E+03, 1.84373180E+01
C3H8_Propane,    6.66789363E+00, 2.06120214E-02, -7.36553027E-06, 1.18440761E-09, -7.06963210E-14, -1.62748521E+04, -1.31859503E+01
C4H8_1_butene,   8.02147991E+00, 2.26010707E-02, -8.31284033E-06, 1.37803072E-09, -8.42175469E-14, -4.30852153E+03, -17.11706975
C4H10_n_butane,  9.44535834E+00, 2.57858073E-02, -9.23619122E-06, 1.48632755E-09, -8.87897158E-14, -20138.21655, -2.63470076E+01
C5H12_n_pentane, 1.35469980E+01, 2.84217860E-02, -9.41746480E-06, 1.38935890E-09, -7.42126090E-14, -2.45776800E+04, -4.70211850E+01
C7H16_n_heptane, 1.85354704E+01, 3.91420468E-02, -1.38030268E-05, 2.22403874E-09, -1.33452580E-13, -3.19500783E+04, -7.01902840E+01
C8H18_n_octane,  2.21755407E+01, 4.24428161E-02, -1.49161103E-05, 2.40376673E-09, -1.44359037E-13, -3.61030944E+04, -88.0854457
C9H19_n_nonyl,   1.91952670E+01, 5.54392490E-02, -2.14368010E-05, 3.78851440E-09, -2.80029870E-13, -1.43737110E+04,-8.60562950E+01
C10H21_n_decyl,  2.13221280E+01, 6.15735240E-02, -2.38494830E-05, 4.22091160E-09, -2.78893070E-13, -1.79678090E+04, -7.56437890E+01
C12H10_biphenyl, 2.28964892E+01, 3.68452570E-02, -1.35016270E-05, 2.20802808E-09, -1.33358223E-13, 1.07394499E+04, -1.00510148E+02

